piter

701468
664992
480055
451303
306618
784897
978250
833708
825494
889677
114906
757642
208021
677192
553829
514218
216880
224186
435659
894000
521879
170606
786583
995075
198360
996374
919103
197719
556562
673066
735079
621799
268026
622120
446991
316536
599162
652300
128139
621238
851116
687247
878728
637177
393021
919070
415013
946347
418970
403029
900132
609839
596360
971291
207308
405569
779973
477648
303127
828787
380704
791211
605802
194910
308100
189815
403174
507079
219669
692737
152950
495045
557167
309794
729779
144840
292221
633780
808405
995694
787717
315935
280787
782845
392827
318671
679447
472068
564283
773481
179853
632829
333626
502714
903242
725249
661991
606603
927871
802255
266448
956766
390623
133216
728563
455244
302850
811883
868118
695283
967457
625608
855597
197404
276350
388339
364314
925370
259814
249196
884039
714407
739082
628894
308075
196864
380787
912208
430422
632227
427381
712763
698162
406355
513468
164076
848909
271210
666284
165818
296066
409102
316438
906688
468180
863403
418253
722327
900096
268725
862100
527175
450703
235028
882024
211096
167409
584160
218842
703400
637610
104807
551397
187778
225173
151595
289803
115983
397814
335650
493987
430441
168017
347512
211949
190666
967249
801384
697788
958035
591293
620238
384379
176952
292268
393453
915816
528169
689343
138488
750947
480167
942010
913993
596374
269726
246083
341080
539937
925354
464508
349562
505301
985488
433283
403079
887881
712012
185201
400658
415421
395174
475322
945478
296900
594006
722719
449262
223076
754742
959845
245334
139963
463501
803344
139483
186423
326239
958455
216171
597818
745309
820805
792191
232363
319129
974273
465196
490520
836335
922129
491233
515197
107151
764634
799567
357359
450220
308197
242565
398486
947912
724489
852873
690941
594361
386574
889216
179183
237318
104291
606790
203505
972909
312719
393480
123287
999378
977754
357293
339482
349532
674203
810847
643564
697388
990826
214400
473714
648489
686237
202140
653739
278170
734053
637146
159893
184463
906692
818497
438452
646418
657064
864675
218696
691957
296303
512810
157373
973216
438849
710558
205650
867203
173680
403953
239761
748696
596389
122396
505917
240982
221413
789121
913179
922614
897259
188359
742162
136088
731474
809800
922710
743848
703221
493819
202035
781167
138205
823736
950398
597813
339292
800844
889030
698280
329712
500203
107385
893554
715946
143450
561628
270133
424809
733686
506331
554869
413897
751983
444030
399200
411832
680158
608734
919910
645497
432752
678259
541459
342401
312802
172133
178726
355416
875816
525458
348082
869177
367833
462967
320215
754016
986316
690292
713576
664945
548834
398618
604332
757870
997194
335032
353069
579208
369615
425510
431229
488327
469370
276836
712523
291275
593147
305246
109374
252892
565534
985090
991363
363390
302058
118603
358118
112863
852083
425912
866118
552724
772568
456845
354513
806750
427283
176330
370823
910256
412938
186488
278365
259234
566417
179181
406865
500944
419140
707362
898811
641385
533476
138503
957731
827161
702374
408665
448879
944715
935813
788258
969494
482397
534400
374795
418498
664182
947863
536672
678840
706174
334663
101587
394221
462877
980993
575105
387857
862442
919117
846622
736707
810565
487274
536356
302509
564306
164769
332943
159752
778395
508494
139379
527234
242320
639695
406744
674568
404561
751001
898956
511291
219794
818742
729040
656430
939490
442787
288286
411545
551321
250708
750831
847803
273430
944002
771499
736556
512384
634092
830986
277536
629010
352466
583856
934981
146680
415302
875699
177818
370393
384190
697072
158669
857337
895565
808311
350717
432185
249421
287831
951011
534158
929591
272042
468728
905423
903566
839545
922947
602061
379334
664048
321386
303039
601421
909106
228149
304594
244362
595474
811609
163817
990427
607006
699082
720293
727771
704874
176390
767316
753704
425837
157143
256531
314216
463617
233916
456806
379270
946548
315984
368634
189450
611578
710727
306813
749898
588032
302839
223742
677862
899273
714565
215587
831005
219203
710830
796663
357197
358717
752457
499752
870758
862693
729338
795696
505705
259118
670514
565929
946672
179384
520711
420308
654583
398450
927723
734011
161910
359544
155646
838407
286605
948271
242434
232433
118587
759640
224177
953542
846551
335456
877824
986180
721723
414332
272613
389371
283494
574985
831196
824202
976602
204755
268065
390464
733175
549364
261435
926023
840640
413582
242501
591118
136780
302625
536270
202347
744080
607293
264499
946335
476770
141868
651378
256755
671131
758937
669614
329011
525365
602338
160823
664881
342792
726383
779185
144753
409357
199163
766064
932385
261773
250354
869927
888114
218727
403326
792557
659041
794242
542757
396667
237076
991658
273006
635714
681135
162877
783333
519101
694277
527114
642009
537961
166269
844983
450836
324325
832676
126879
681795
801564
307387
444162
624260
377297
257016
799013
737350
169524
361822
128333
555452
533845
258873
412708
347591
594914
125508
383960
846482
523045
203301
475911
924986
677753
194493
829074
885001
518381
122443
373087
796595
568232
904233
362151
451976
726815
339604
928754
749060
217912
116581
386806
827314
265534
254449
166295
798664
867239
779445
545567
807008
847271
428609
468186
548132
825524
780325
653895
771086
616087
947474
466604
646300
784589
383276
860113
579791
746121
705558
639680
870941
841821
555790
634555
221331
377955
366870
379405
717691
899110
216659
474824
375070
762643
659374
308373
161875
785855
743491
330210
153236
768771
103733
402840
279668
663275
542918
529055
449814
319939
106313
282989
786724
366392
918584
618444
161126
835257
419454
675182
660350
377327
558135
408269
960672
450639
487460
846157
412793
835033
690801
157737
507088
182052
444305
890250
840721
941451
174365
136841
768956
524988
442879
766534
823672
881715
799967
153513
870640
495715
331032
184702
813394
700909
330969
844929
987992
247228
582615
191509
852167
908084
155967
937742
251263
376880
470539
931157
184538
820707
971383
992611
614873
780091
930340
686588
681055
378471
761441
290740
776359
159085
159909
729087
845637
781985
579160
582296
643931
330021
920953
890783
231625
848803
715998
668255
404532
169304
274736
369473
485212
419632
889657
851279
492539
635129
665458
921634
272684
781248
828174
113700
362165
173807
931507
212183
489510
756290
647105
312706
169153
394792
169990
722489
520672
550279
616989
489086
409043
710743
926965
927752
368409
535429
860312
563654
133744
167264
206904
716951
284720
202764
420519
906132
537249
569540
236713
946945
984940
411433
982509
669800
950814
272898
561149
612282
814895
114371
708121
412258
505888
229633
474156
690616
372238
907690
459940
190692
573374
125653
266575
426104
606633
505128
215487
426853
607251
989202
244631
144171
888200
102316
374184
960799
159956
962519
196026
483166
425205
853719
430325
207621
284329
834324
410276
205628
512958
765459
805022
371545
637190
991717
314554
492606
649082
139100
168542
692716
189286
138250
123795
658526
565810
257414
301825
318542
820506
698907
168377
918606
324445
677302
451457
649816
636245
526310
304640
644369
288982
374454
476097
379901
455379
983326
787712
322039
487115
721222
656298
624601
338537
471986
651997
533508
854672
952526
863121
786578
883645
169292
385162
887013
764719
353617
562606
277777
519240
795093
870060
648107
262988
937071
204256
411803
491795
327355
407915
194555
636167
632069
617877
140408
923402
956947
395895
760441
356253
968418
227892
413976
476163
858885
319123
931180
822248
997487
293576
634034
249668
293273
587311
479048
270119
943576
927637
159725
140686
702636
274414
727900
216120
411888
384254
949437
544479
679683
835275
860547
579059
175919
806268
232678
792329
824502
352504
834578
861234
870745
885333
949579
164860
300267
231297
838492
432937
538180
104020
416636
871257
646434
245498
528747
540881
272018
416031
411714
609222
132548
969332
695743
733984
997144
517368
283731
992862
290119
471192
377479
607488
627692
881347
411815
565991
504712
225848
866560
236971
876859
736775
694855
475912
220213
444158
851727
667972
947741
623190
568531
191843
911104
215086
555671
574303
364371
114820
935423
913736
524908
297541
129072
682493
374531
158648
689350
362165
570565
648211
330872
495330
996432
957563
452861
402478
363617
785256
799695
977122
777386
268356
947626
163700
794667
698528
679204
411788
998612
313755
409861
148702
903382
759961
150897
229039
336497
569511
125947
996037
527689
871105
898351
830448
949433
609483
597154
588868
393300
460331
544724
411530
507137
307405
913201
311738
186583
610784
988449
715531
244986
889573
715940
219219
985819
947639
140742
196198
282080
196338
295967
705560
540992
413164
459778
602529
104989
889472
334675
229880
521403
468187
986141
497430
781731
431394
322994
862948
684697
280109
101089
301918
937690
559221
101617
708569
737200
850720
554754
344725
504411
437178
601720
102443
148028
315183
920357
411200
207433
309100
833101
748628
468001
269433
287605
687215
597336
101433
822695
285884
117618
825258
552281
773879
912201
169529
867516
869261
885017
930683
114729
361293
192672
711283
811225
148171
710459
425262
965768
811712
592924
438333
775586
260358
223554
439272
165330
942043
221636
839510
251181
879028
760336
507962
847348
647892
592501
687820
903970
377077
658308
883989
431010
326919
819055
783977
911378
834875
596051
406456
101955
685546
145503
923489
412949
685882
657079
402797
515915
338597
558433
464268
577232
437033
279704
269117
720524
520031
377865
336031
332448
495123
225448
517525
677516
965038
129803
942395
208686
756137
575281
440352
647834
292974
351378
191824
983815
945125
180761
137181
223231
695999
484135
360562
557338
341898
663155
568866
609227
273297
696905
605591
175488
690672
427165
839715
243985
119192
828396
967555
931476
137055
119737
736227
376074
642130
590411
652832
257378
828934
372962
903494
238547
607376
508809
760797
657077
555201
657908
196553
421057
732881
322890
315011
637737
126418
980902
157863
923386
404382
201628
240923
532302
503649
436098
821607
678133
873581
999006
354636
218196
443528
998488
383947
458671
771253
112822
449318
705159
137658
918488
282941
851766
187306
549320
769207
622139
713090
852729
103974
338127
156734
534760
244185
323943
990512
561065
630385
243260
579907
812831
326567
645330
422426
173704
444484
187718
370532
261525
201171
539166
532207
370215
599034
163252
737413
275455
823631
490257
149256
426981
434395
265833
118356
450063
476327
116667
589343
783106
510697
888530
274327
187078
152130
713785
948446
242781
320520
202257
318922
355447
200559
763454
761157
584757
772888
542673
389844
863428
173436
811039
637225
898309
974923
603393
430717
400561
225853
707805
397508
946651
715087
667568
122328
841993
878813
119296
934789
696693
418348
200269
769277
923309
688787
684207
191000
798986
547247
775274
717838
989314
381687
277277
178904
865732
797591
244259
229126
441643
183495
482177
987325
365436
150160
310625
405385
990187
282885
438331
437091
587023
590927
780422
523263
676171
733697
610819
181218
450408
688652
453881
889947
534061
420867
146722
967785
391803
131898
641793
966764
348193
736066
386304
441375
263498
434739
966277
334596
212359
530900
469197
256232
545273
713440
235716
666551
982673
899275
695281
380324
924305
617906
663795
966048
248240
690561
305179
479222
746756
818056
957728
248335
944657
633208
814705
839938
638539
675203
123015
529018
739821
574927
243746
129913
152552
914967
298294
118978
190531
374186
881410
705755
845013
555433
705571
359156
254450
134651
689526
506940
160753
188635
623273
673722
998767
395408
298174
144401
257569
325488
440824
982661
917072
713089
365219
462814
600077
407660
681149
796963
678093
979109
896239
760352
714134
869903
110019
388672
591612
737116
137781
504547
853603
958637
694073
950547
426892
453930
991914
102568
941656
463673
506505
689722
481192
322945
814524
800947
834194
562789
873860
582668
658458
971026
110665
241748
880011
297579
894402
261576
933118
664476
648836
374355
332660
928733
773342
187245
439023
420329
382374
954702
122739
195236
458412
550947
569324
462746
267131
371947
833142
784082
131047
299827
395254
225128
308576
934916
373260
306379
328576
478021
715079
899534
102359
743502
926221
977508
106125
625539
453196
885456
649009
347461
925896
975107
138726
788922
741108
592041
838317
241370
937028
215796
703622
849808
466682
755885
426947
679617
187008
113109
976825
529000
810099
497119
714083
853884
814992
625616
280454
206597
804378
288973
671654
612829
599630
584593
618409
911436
930452
123222
577633
222405
514094
605473
792492
145036
704171
433273
570575
350226
240468
934621
544810
990015
297864
709928
693890
450458
828369
644850
396279
574941
879757
629088
217166
339418
747180
484674
129042
297097
378842
852074
308597
661020
970366
581727
186351
877924
338564
523859
563340
624905
391844
412757
661395
479494
570929
108202
609023
373989
959508
700896
131172
917454
756987
891811
301462
880879
215099
478159
548831
794501
819106
313812
773611
483307
526154
852405
161650
952567
545577
104701
399670
498618
782173
664787
575891
641474
264850
900082
308172
354048
555054
613963
524925
380870
493695
346167
679123
143887
159946
298198
873810
479374
485101
562499
568330
390255
527379
178678
891568
512783
385457
271706
196138
779234
153638
452693
385099
863370
694855
428143
223078
949709
710699
873774
937064
239555
302631
734857
523062
882677
833339
763700
805525
310820
359073
933892
110667
511032
352185
669852
572388
252939
803336
934177
455346
279339
949770
899622
956306
356317
693537
218547
166690
728087
936812
645262
955130
334989
631025
782016
126500
242931
581568
920984
305151
661408
800227
460737
933480
369553
862509
217285
366185
225165
948369
760696
722740
131235
624177
804942
741611
812451
306397
756635
204508
775135
989526
445222
697773
583245
860002
512169
305964
642466
743369
695617
330241
876400
821776
899186
740393
810106
407244
487281
630388
953478
232689
946742
749181
711791
504422
428931
178221
193692
165014
239377
628335
528121
686660
200654
591554
367529
310309
993019
806339
659759
269820
758504
311369
573697
228991
303603
630338
176313
686845
484469
856539
919465
173386
245810
607340
418670
172913
453135
214657
425559
819129
667206
910285
685427
887781
304256
593023
882497
937284
198666
362863
648552
298985
145699
221004
285779
977545
962012
421380
627223
456303
298260
182360
452937
908773
484621
365561
524036
776365
579805
128960
486855
939429
594137
419191
722645
867667
122066
873810
535746
225554
925551
340047
643796
542019
661714
576768
345893
944927
496825
131541
560619
411165
801816
472717
969209
696661
403421
112424
794560
637588
443943
134286
320259
787308
532379
835192
108554
293675
431236
120717
310259
739632
114069
403933
806596
328066
130090
774081
706678
377954
556771
788633
572251
283616
153004
839080
656405
191569
699800
267168
722147
433890
952982
785536
405655
876778
807676
516739
406634
610939
993487
768530
277015
759596
288448
640708
923990
209343
794639
578580
467274
771569
477251
519206
916711
633073
239399
272292
890440
738997
502930
952669
404973
642362
871866
839275
571820
902605
638333
938696
125123
603930
349801
535398
428603
301341
386033
107534
642850
166554
696614
187844
451761
583927
552644
348354
953507
964314
183684
155183
380360
933750
254822
218848
575158
890823
633488
908496
148088
712579
875505
335039
232399
410050
843624
745451
256524
317951
222587
210692
145637
908813
802062
310418
601146
472293
276032
236849
939664
804705
770906
487528
523501
270001
232196
145023
216929
587987
438765
126201
182471
231517
184164
540734
284660
273347
557233
216142
689258
790998
295322
356875
491756
782691
841902
948432
662208
284165
704817
240121
160949
473777
365204
869397
507944
325746
240470
336551
965222
772550
799410
335870
335700
702702
796281
948852
745148
953771
926009
633891
848902
545421
899493
875150
239865
112968
835972
854233
751183
952192
852475
919770
576473
227712
280656
788022
248260
853217
252351
322177
254647
223803
722202
524829
873612
942002
502227
227799
116229
524817
743895
885635
678932
456947
843925
917777
703755
907578
864148
948815
459405
265414
481248
187860
932939
561446
843874
244183
695723
670167
348241
937150
237620
297513
776899
966429
748911
930611
706279
891536
764773
264125
234778
239282
934404
267403
200776
525030
521527
904171
865397
706945
629793
798070
661108
664315
754307
537838
252856
694405
945229
929316
815854
659141
829710
835497
869286
884003
357308
670664
173444
239220
954470
377212
135442
625107
766659
442518
360227
260116
664245
342752
660347
376687
851909
448129
970706
380051
565782
140527
337587
392571
497385
689587
931935
746196
948306
746421
456345
311180
824603
994847
489243
329233
433084
405969
527970
962643
466104
195604
748313
705489
677928
561425
803159
946680
980486
710328
324386
608338
893486
263718
624511
767266
303929
948925
525084
205832
572661
866355
510714
902512
644058
935866
225128
913959
885712
623197
127926
683175
410566
889602
810702
520209
567020
222093
126472
987159
309621
247097
752160
858447
682089
210127
225114
674038
567635
101684
277343
766273
478299
633642
456830
468446
318120
953772
433354
105256
108369
507793
758014
994045
620603
946340
537362
731678
464859
248286
932903
478169
610659
584097
855452
330193
770920
390872
339306
818369
700807
655721
802700
144243
246192
413556
962576
535351
745977
198291
729350
535277
886672
274926
589132
679816
661034
930861
712090
766188
402897
762388
584354
722481
737445
737578
985416
519747
746511
161908
686589
748312
926738
868034
720241
794586
676937
354436
276521
669315
868764
983451
943786
113583
587684
327760
335190
556084
994336
555312
934570
309112
298943
416019
811185
190361
175846
725595
317034
244758
179413
547635
832199
528455
487305
231707
661311
674903
455834
917449
574480
863052
243799
203884
310432
134909
397768
699718
726480
445825
864064
960729
718236
977063
753395
291128
845375
181748
436473
817205
473240
719467
613663
165467
431572
700744
838636
783518
181603
402626
685840
392258
446664
274730
839670
630839
177203
424463
209973
486388
372090
439595
838952
134488
741579
725951
233953
892324
700242
762768
611415
605416
718965
596003
367406
889435
381170
587902
207945
742656
171961
763054
518680
794183
451966
259170
404592
633458
922844
337915
971841
713238
564673
955843
620877
100895
418209
622022
517540
808904
981443
812018
519133
803279
839720
137202
158694
722342
787025
842339
184920
509824
316253
605347
860953
364546
258606
192315
331347
712141
906017
194672
732688
990380
219221
203546
268811
377500
829602
661728
959660
748004
738063
175666
293690
542165
991427
728778
864454
813351
839898
352116
946273
447133
515284
834151
368425
767456
398458
708131
472363
484930
507628
507797
973162
439900
327381
444729
258079
167529
251865
828524
783828
943011
685781
879674
208277
470139
776739
785412
317079
622013
271210
364876
413387
636997
295674
889617
956991
550840
982290
528035
781836
755103
363399
398443
369526
675935
616225
546458
978169
175860
980568
361586
524549
906368
267048
775479
719943
619651
290335
750782
684623
659480
140068
738228
311150
343489
609669
525203
929709
127250
138103
987591
660178
345667
412019
467673
573647
366612
424494
889476
777039
564551
992491
335911
116727
895684
661401
829400
914225
793902
366095
193340
766838
932602
353578
895836
790004
955043
326020
741165
193365
801641
275960
280938
120740
825974
774724
761328
692006
609634
189727
382200
195841
334589
106609
139997
689866
212184
886391
175342
982882
785931
444406
716846
414197
875348
114921
822580
214983
908646
907256
274658
907972
557495
171337
495919
169864
312882
651290
178006
790697
355670
615370
330740
412300
757910
799229
833368
235141
406374
877590
105205
472832
685144
831489
774640
327127
892121
906985
382052
711899
649861
181184
222990
144288
872007
906252
194004
239406
434688
586814
357423
828142
745268
827650
742296
877939
865422
591358
550912
870055
120938
382640
357821
347258
812360
618938
482968
100327
239486
827736
839228
861469
150154
503866
892338
312543
883087
319227
874460
928470
547080
744452
992019
749595
818960
491242
770872
564790
323768
730435
721720
150309
705873
468451
478838
260600
203251
317219
162839
276844
376098
174288
201085
639648
736090
974090
193857
239451
951560
176073
235752
543709
375274
125246
865884
467692
402435
789370
765099
533437
570885
658094
446130
377327
753895
171896
118911
679454
888083
124982
525385
336728
121154
867674
637671
306100
574343
688960
698327
502534
908156
964184
473355
966202
523640
707285
946048
877465
813798
824950
693094
107429
529746
941773
452731
880559
861635
923262
537020
768757
113482
681417
353548
744733
245849
555394
269902
917739
371326
590924
556376
791726
789440
556930
756088
723671
797559
579277
920591
506849
924987
981753
387598
646234
817843
681204
630246
708402
160012
510805
341959
730390
905157
766227
439469
770625
579513
293266
952110
257879
801229
380796
247364
291551
934511
433466
967368
926687
614470
342115
744407
617173
511719
551541
362114
530818
374497
745016
309650
112513
211195
964003
824613
847715
551850
777567
645271
929142
745622
100754
278384
994197
940637
341737
898289
616668
833218
430147
775524
431258
270977
854687
614793
892620
272249
324542
507440
903070
499972
444389
189369
729032
431525
973602
311400
470941
556130
330918
465302
276017
161098
845352
861295
824199
520100
863544
352874
967886
878400
267685
215172
234529
392115
864953
867084
813358
376044
134363
593851
490024
852135
339875
711542
896128
273605
329638
427580
777360
564459
342757
119841
239233
353544
892173
471995
399751
872008
183697
315465
399973
865712
522801
272479
480287
475596
206488
199788
110431
778548
123438
142964
707544
431062
845375
730697
663803
837137
762966
213592
728142
609624
359610
634906
944340
238068
919944
382081
407490
402230
374884
128248
809941
453282
734916
336729
850055
623553
272542
453543
633492
340576
729554
811290
259264
202015
326205
776876
255495
197684
259821
604988
369737
277428
714131
308810
551622
296970
575247
683258
961622
503970
340666
531684
946327
959790
430271
332118
854863
270783
632186
666290
712686
787846
997203
707186
210245
314495
624067
958077
196585
672743
860474
917005
300850
354408
948532
156158
281730
545690
444991
447871
273220
574078
736329
682364
809379
358750
278165
332672
707063
540229
108688
312514
644786
266684
739193
700753
697952
176668
470062
153094
714604
742202
195175
163905
826414
291065
730192
266020
661414
164043
435027
990352
408753
134532
290392
203480
219113
179203
787100
365673
682631
516504
405098
752097
375846
483269
807003
230196
657904
998496
388103
610945
427176
474901
981583
187057
381360
436638
349107
729389
972074
402028
317432
410486
618665
318649
441204
913513
174906
595643
665123
135732
259791
630730
406008
821536
660712
777850
462296
656041
309200
512530
301909
296182
323698
734874
816329
529813
503442
234247
660238
942236
295392
627325
670278
209746
635679
973908
387433
742233
623083
976565
542857
843915
305765
657978
929598
254602
169360
247905
577125
400523
256944
382248
931740
765608
601865
357546
485610
293469
386098
250786
320284
234516
359221
264983
586465
544162
122217
205858
431703
112823
156295
406197
280056
348131
335902
154647
713182
311648
660634
511009
500495
941716
139964
726751
334759
604486
421939
366871
909877
233539
339495
951001
198022
542660
848177
802009
421616
124606
601851
190818
845344
616661
578223
490725
769724
988079
959656
198632
159424
138641
204095
316620
480581
864057
622220
956003
753528
625599
996315
602335
832347
809593
205356
663037
891412
950264
273253
115875
810108
877798
254369
641578
983092
131860
990633
120309
637680
711360
102491
135013
584863
692499
956867
888121
395170
537027
583496
333815
756535
468851
929643
950674
660248
817512
556246
790111
552484
301697
471171
579471
565213
191976
256213
201440
426212
909285
693206
619115
231959
994959
746854
742607
385426
749341
417760
809629
183640
702643
788305
702943
721410
299276
505200
805583
797847
754918
590932
586529
555454
401973
644375
866759
666558
343293
410367
668904
517079
714617
179821
992866
275760
669276
558636
640043
280036
868759
422081
469941
365455
651815
530581
306252
651871
614588
910721
211784
951357
593697
143233
402582
619560
490981
438954
461936
519512
503618
560127
812511
289526
988747
767121
288487
785095
871041
695129
650536
121338
751775
941994
391998
615943
892154
632899
953391
730960
315573
539210
787273
322729
955552
677640
124357
629638
571446
675291
822396
539481
265596
866382
206239
178231
355638
532757
631126
274780
779240
607791
640424
702432
272659
157546
659603
435112
545950
645930
716173
794695
790041
374569
627148
882858
978217
877714
598357
953489
852480
252384
793001
359038
513095
913662
843303
577368
180386
589395
667045
312090
208463
934699
177869
678552
445972
789685
312878
743866
862906
116003
127259
949331
447479
339190
739687
713183
850235
821780
705520
438641
782433
762025
379288
929873
965648
890770
238549
412605
137365
185260
116824
740131
113241
788505
460189
991217
267400
267017
770047
447626
558118
183096
265364
832996
253033
334841
909236
682700
690887
638551
448013
324323
459608
364780
171434
858358
320841
869721
778872
743307
854063
980638
285181
240787
612019
678400
207133
879761
415665
244268
405712
875700
903522
197850
649961
588808
860261
250008
154784
396500
796333
329432
498104
306827
705155
382444
330306
570757
230531
474115
784102
181409
359246
869186
980281
975043
857219
410988
835237
514285
204390
910969
145158
394317
645153
163747
774246
712968
874644
347753
926483
295178
128691
812088
236515
826658
880817
115255
661404
766188
172875
734673
556259
337236
610452
542385
542508
941368
147612
305797
563707
923489
208493
797809
467788
854222
566335
548444
919690
676270
177879
367563
124305
968781
329184
757310
686152
891346
293300
487416
895652
118463
134301
460513
549093
445842
926634
541306
658485
879886
214361
829434
455106
400761
359140
824115
304159
547166
705253
398729
116977
815625
500453
174683
691722
229206
501584
843071
331172
204457
627560
275386
442863
272552
334090
340612
667807
977202
933039
482112
407810
351565
227120
690718
677625
309844
208838
378117
986856
825072
596704
537535
658123
667508
636165
828921
174390
418960
395099
901479
845817
316458
321550
755940
771457
384245
241907
410773
202802
187312
976505
455525
469958
183627
728356
586571
581750
460676
927483
265455
263831
516859
612034
226139
187131
624711
998283
105412
582620
694226
324506
837299
396079
908598
737515
813050
235125
176256
887937
101314
703356
488983
693186
721542
361929
833357
466451
882894
717993
741286
656321
601613
450183
102405
721942
818932
885207
850943
645774
489717
121553
283133
123285
172669
313126
645132
885020
105031
504340
591885
758109
305704
991334
198048
519029
661117
503095
635850
793695
391537
597611
189429
645807
200144
128481
406494
585697
391870
220976
610405
560290
274245
247974
166791
111303
519646
422151
922317
995262
659516
864539
385104
389860
743782
575400
688909
923713
707654
435620
627083
794368
146840
220736
995075
234555
968413
672466
748976
779642
416600
332731
164288
864560
759207
678997
353951
964809
389883
753950
117831
478049
791657
703191
882846
921158
829190
935734
491507
587012
205650
857934
861888
467737
320637
998034
906539
353863
804244
847235
430463
591177
123626
630096
101745
874049
684729
801691
813166
936132
478176
405572
918721
943495
193953
994655
201599
390540
773242
416855
600535
475232
827595
599484
950507
521992
409496
545102
936607
917505
895441
872224
760915
674447
141565
360753
270050
187334
939374
436220
670912
614052
771172
614873
807710
455924
395791
882753
213932
545646
438547
164503
783615
333385
965402
252270
318823
703034
297604
678152
880150
842022
727942
899721
565356
544787
829224
151714
395569
839144
197649
762178
301154
509029
446109
492735
992155
422418
252607
680555
695990
247751
267561
219359
204932
397847
635950
904028
687569
395153
225473
543938
930467
256836
151317
264717
741019
215707
165920
422330
925586
517239
602240
776010
247300
652140
790096
690921
689906
764776
115903
661227
781682
761893
230239
223656
129015
473426
904956
180315
198616
948359
378848
796605
870730
581358
210407
613240
683263
748253
459135
837828
755580
852116
972536
512683
820323
399527
185202
367838
441062
115985
588509
571249
935675
408471
369238
464151
128073
374176
736809
781979
760392
584215
176082
364381
540565
372349
826842
449383
129890
317800
558907
381872
641322
513740
927811
215311
112678
589304
785082
638134
262690
184310
585897
587626
154567
388071
841590
730899
201952
697320
847162
435977
757419
151664
946852
463934
793875
860958
410500
647213
554743
645714
384600
826958
694805
547899
520301
632400
328796
274583
512730
453168
101618
742613
582527
337401
194632
796157
123006
306825
880467
308157
842409
253009
762455
331388
402762
302171
799983
634991
140407
415053
897538
996913
405220
295293
876900
324254
492314
478922
155206
322231
975696
438556
163095
693720
384182
274677
568048
913270
740503
482446
503456
299311
224945
442704
591964
245689
992188
408512
780455
100670
115278
640487
748991
110599
764239
822097
260085
946771
470780
343636
526791
600705
205431
326513
176451
892882
813487
720832
618344
335115
191458
214769
835877
547428
361612
103069
423479
981295
871035
398174
252137
917185
361535
763211
791658
419078
917819
261919
850457
562686
295156
587719
574971
362705
967845
606033
876907
157742
363181
679355
866963
107544
868575
402843
579118
829553
583448
593280
955775
244591
658455
231044
916816
896026
879560
232092
193607
760118
108097
339642
121116
179364
426994
365969
774856
706449
107431
407057
928216
278568
854648
472858
549625
915949
749170
958327
857672
592943
550426
725148
188298
505473
593109
165393
649105
151512
322454
279293
483967
869492
742032
559815
605717
499539
266314
765019
272766
987234
914498
341377
298521
514851
396851
519882
976743
783399
302785
555421
904704
260934
457636
725647
904961
721691
944475
698996
625344
154064
543299
453389
629257
289122
300181
331070
340497
994458
917125
655880
732437
271448
810300
666056
845510
440101
289551
132210
983899
872212
254872
213709
587019
449466
749560
638127
957511
492127
705483
985201
687390
584895
817418
986753
535612
423307
990486
749240
295742
912397
339246
892067
351847
152613
913257
901842
432427
118543
831907
444905
618027
468421
297996
626346
815763
780622
740440
378043
127207
636643
292208
254355
298830
112714
889914
921326
128256
980897
113289
392972
518225
457924
203908
966574
639244
904424
487039
567687
890158
620785
488359
992075
444441
776066
695735
292190
400515
839409
984577
654398
916413
374935
324045
153595
115105
247013
838855
722889
634907
808627
146475
345063
790299
266505
688045
722563
682763
636594
837147
632969
561067
314682
662251
158985
603410
728428
124785
291535
976754
479357
925516
808423
851854
679516
996031
580340
310537
878641
278011
360110
312538
299589
931854
358179
680975
947755
549679
299052
766452
778676
905065
509781
970994
745902
722291
790488
195779
877626
455906
945281
373683
594745
479991
221291
467647
787220
380387
875977
812229
803395
166531
343023
188655
163133
747009
409824
917751
483007
901449
909780
545126
373126
770358
396354
801247
844467
323140
198547
224199
825481
548942
296426
253021
361128
181103
196144
548207
816403
600956
857433
703023
394203
105431
443817
309866
629713
729295
819510
277327
905915
796675
736148
761415
743243
195755
176375
410714
779581
316654
762515
379842
390620
374364
153794
884416
608715
596173
432281
620398
639809
713383
946253
272795
377315
431860
379216
523410
348985
996596
692203
257702
264132
707412
410668
336803
517450
185617
601082
556001
196850
204027
990997
162515
327683
951892
585370
422577
260910
665226
482254
515192
835622
817486
639796
590593
372549
502870
979030
218608
687657
790832
647490
911807
157240
648382
658313
780263
187481
762085
401139
284358
159121
774086
727368
957807
878595
699175
726290
514068
684462
418572
289791
357564
116170
682465
125836
825586
760112
780258
181925
733367
487312
398007
413900
338018
497421
121760
108910
983078
644282
519648
582983
273002
525922
348081
486242
925820
319444
953146
181218
821828
283771
781821
298641
895218
562257
611509
704503
970514
590872
974408
118137
743893
260111
467286
293305
328837
668300
711172
299613
855419
926298
145240
774944
547694
868971
281973
335616
566299
769279
327731
257604
428505
269382
240385
277943
617770
703542
551425
273913
865695
806486
420071
237993
553305
448820
293981
442007
681311
137058
418227
368443
983841
654680
768169
763154
782817
392407
270585
618946
798102
366723
345496
833620
828403
289333
899527
305587
548777
445100
304683
351001
238615
909772
298023
993364
944136
254827
390166
853762
383634
237553
844418
778481
597118
297304
240095
576209
944115
925945
919103
707628
272069
909890
974993
389347
955232
512470
195185
612148
410509
656234
944147
738427
239260
563604
878647
156831
268563
423716
358152
601127
990512
468669
785215
597671
565160
767570
535709
990057
973112
609776
921793
556671
569595
218008
166076
187294
536311
468079
945183
742794
268647
160242
904218
647142
486565
647131
589729
746427
155219
907796
209882
806206
457090
175278
758748
370133
812764
465821
906159
708164
829195
731679
910413
269161
581099
720219
744884
988175
338308
860521
127445
833770
291216
383821
680287
168852
609521
362019
671993
140343
636596
153401
214140
953987
662963
435091
418329
620621
874606
188288
450453
972638
486994
369342
413183
433330
847485
506304
453925
475442
412294
392025
838123
153288
708470
491830
118703
529936
533606
914468
293936
852692
854288
824604
348777
874330
925677
750421
547267
345212
106439
215938
241154
423128
550675
726891
286832
647204
958627
974906
233268
272574
861067
757549
741848
561855
317156
698651
505444
626066
182753
364265
878093
519341
112019
841964
933610
288570
275065
546811
816017
822843
327202
914207
395974
828453
334995
216432
800439
552114
781267
447985
749765
518195
645111
592359
230901
494733
836702
541607
798352
100724
851410
822887
656901
339384
627517
925907
491317
218337
637944
328752
881316
535386
205812
495358
425680
702695
145455
650181
988174
894165
282542
429392
562363
776717
104822
999834
655909
622132
627472
523896
244854
817268
295930
212651
173856
801971
309299
724703
938222
646229
748717
241140
834395
824041
836318
302668
774066
277273
416712
159041
336975
923504
331116
802402
817770
173312
654829
141829
785810
705955
655829
566812
590953
208102
205694
732475
886444
999541
564215
435360
703804
231666
635055
519539
420344
596830
138755
684312
215505
120193
938670
732922
450202
851638
706704
808838
727847
719877
665060
581172
632914
663890
413254
857572
945999
119109
748332
426834
781815
581739
611805
857208
670217
164956
549847
207341
458859
281263
618980
542707
963757
907823
221245
631168
386733
644846
283808
226541
334023
826025
874048
465009
718290
598877
917627
235484
430599
777355
465303
857329
579934
806611
590864
858785
514139
712208
670543
974142
475367
816100
340033
481623
203574
670260
748209
169705
165888
303736
251342
141331
760316
471452
694297
852507
333301
385492
224054
183193
699516
104166
217645
584408
871016
351223